Matriz vandermonde 
1.0 1.0 1.0 1.0 1.0 1.0 1.0 1.0 1.0 1.0 
512.0 256.0 128.0 64.0 32.0 16.0 8.0 4.0 2.0 1.0 
19683.0 6561.0 2187.0 729.0 243.0 81.0 27.0 9.0 3.0 1.0 
262144.0 65536.0 16384.0 4096.0 1024.0 256.0 64.0 16.0 4.0 1.0 
1953125.0 390625.0 78125.0 15625.0 3125.0 625.0 125.0 25.0 5.0 1.0 
1.0077696E7 1679616.0 279936.0 46656.0 7776.0 1296.0 216.0 36.0 6.0 1.0 
4.0353607E7 5764801.0 823543.0 117649.0 16807.0 2401.0 343.0 49.0 7.0 1.0 
1.34217728E8 1.6777216E7 2097152.0 262144.0 32768.0 4096.0 512.0 64.0 8.0 1.0 
3.87420489E8 4.3046721E7 4782969.0 531441.0 59049.0 6561.0 729.0 81.0 9.0 1.0 
1.0E9 1.0E8 1.0E7 1000000.0 100000.0 10000.0 1000.0 100.0 10.0 1.0 
vector b
0.5949 0.2622 0.6028 0.7112 0.2217 0.1174 0.2967 0.3188 0.4242 0.5079 
