+---+--------------------+------------------------+-----------------------+
| i |         x0         |           fx           |       error_abs       |
+---+--------------------+------------------------+-----------------------+
| 1 |      4.9E-324      |                        |                       |
| 2 | 2.4661556106795164 |  -0.17003235011923679  |  0.9661556106795162   |
| 3 | 2.190952330599414  |  0.008172460287423466  |  0.2752032800801023   |
| 4 | 2.201437509608269  |  0.002166964333980115  | 0.010485179008855138  |
| 5 | 2.200007423524563  |  0.002990632666207804  | 0.0014300860837060266 |
| 6 | 2.2052384637144975 | -2.9181251783416684E-5 | 0.005231040189934847  |
| 7 | 2.205187972419066  |  5.80764951685353E-8   | 5.0491295431176445E-5 |
| 8 | 2.205187965718007  |  6.195693669219793E-8  | 6.701059048942873E-9  |
+---+--------------------+------------------------+-----------------------+

