+---+---------------------+----------------------+-----------------------+-----------------------+---------------------+---------------------+
| i |         xn          |          fx          |          dfx          |         ddfx          |      error_abs      |      error_rel      |
+---+---------------------+----------------------+-----------------------+-----------------------+---------------------+---------------------+
| 0 |         1.0         |  0.7182818284590451  |   1.718281828459045   |   2.718281828459045   |      No existe      |      No existe      |
| 1 | 1.2342106135535142  |  1.2014547687477064  |  2.4356653823012206   |  3.4356653823012206   | 0.23421061355351425 | 0.18976551569199343 |
| 2 | 1.6215390782430223  |  2.4393343275423804  |   4.060873405785403   |   5.060873405785403   | 0.3873284646895081  | 0.23886471185707597 |
| 3 | 2.3895199129110543  |  7.5187358600830905  |   9.908255772994146   |  10.908255772994146   | 0.7679808346680319  | 0.32139545291858745 |
| 4 |  4.610785282166311  |   94.9523037557249   |   99.5630890378912    |   100.5630890378912   | 2.2212653692552564  | 0.48175424213456913 |
| 5 | 25.963856988022897  | 1.887816678856257E11 | 1.8878166791158957E11 | 1.8878166791258957E11 | 21.353071705856586  | 0.8224152411449015  |
| 6 | 7.562190541777619E9 |       Infinity       |       Infinity        |          NaN          | 7.562190515813763E9 | 0.9999999965666223  |
| 7 |         NaN         |         NaN          |          NaN          |          NaN          |         NaN         |         NaN         |
+---+---------------------+----------------------+-----------------------+-----------------------+---------------------+---------------------+

