+---+-----+--------------------+--------------------+-----------------------+-----------------------+-----------------------+
| i | xi  |         xs         |         xm         |          fxm          |       error_abs       |       error_rel       |
+---+-----+--------------------+--------------------+-----------------------+-----------------------+-----------------------+
| 1 | 0.0 |        1.0         |        0.5         |  -0.2931087267313766  |       No existe       |       No existe       |
| 2 | 0.5 |        1.0         | 0.946166222306525  | 0.005619392737863826  |  0.44616622230652503  |  0.47155162780899046  |
| 3 | 0.5 | 0.946166222306525  | 0.9377733624915066 | 7.919798731234051E-4  | 0.008392859815018472  |  0.0089497741679504   |
| 4 | 0.5 | 0.9377733624915066 | 0.9365936862120977 | 1.0949446147012765E-4 | 0.0011796762794088478 | 0.0012595390047736264 |
| 5 | 0.5 | 0.9365936862120977 | 0.9364306520378961 | 1.5097021430099389E-5 | 1.6303417420160393E-4 | 1.7410170614001448E-4 |
| 6 | 0.5 | 0.9364306520378961 | 0.9364081741552654 | 2.080785693081566E-6  | 2.2477882630655976E-5 | 2.4004363963325386E-5 |
| 7 | 0.5 | 0.9364081741552654 | 0.9364050761054432 | 2.8677477925675987E-7 | 3.0980498222366037E-6 | 3.3084504786342594E-6 |
| 8 | 0.5 | 0.9364050761054432 | 0.9364046491313018 | 3.952314142630087E-8  | 4.269741413764905E-7  | 4.559718298842198E-7  |
| 9 | 0.5 | 0.9364046491313018 | 0.9364045902859699 |  5.44705225369313E-9  | 5.8845331940560186E-8 | 6.284178073346408E-8  |
+---+-----+--------------------+--------------------+-----------------------+-----------------------+-----------------------+

