Matriz de diferencias divididas 
0.5949 0.0 0.0 0.0 0.0 0.0 0.0 0.0 0.0 0.0 
0.2622 -0.3327 0.0 0.0 0.0 0.0 0.0 0.0 0.0 0.0 
0.6028 0.3406 0.33665 0.0 0.0 0.0 0.0 0.0 0.0 0.0 
0.7112 0.10840000000000005 -0.11609999999999998 -0.15091666666666667 0.0 0.0 0.0 0.0 0.0 0.0 
0.2217 -0.48950000000000005 -0.29895000000000005 -0.060950000000000025 0.02249166666666666 0.0 0.0 0.0 0.0 0.0 
0.1174 -0.1043 0.19260000000000002 0.16385000000000002 0.056200000000000014 0.006741666666666671 0.0 0.0 0.0 0.0 
0.2967 0.17930000000000001 0.1418 -0.01693333333333334 -0.04519583333333334 -0.02027916666666667 -0.004503472222222224 0.0 0.0 0.0 
0.3188 0.022099999999999953 -0.07860000000000003 -0.07346666666666668 -0.014133333333333335 0.006212500000000001 0.004415277777777778 0.0012741071428571432 0.0 0.0 
0.4242 0.10540000000000005 0.04165000000000005 0.04008333333333336 0.02838750000000001 0.008504166666666669 3.8194444444444457E-4 -5.761904761904763E-4 -2.3128720238095243E-4 0.0 
0.5079 0.0837 -0.010850000000000026 -0.017500000000000026 -0.014395833333333347 -0.00855666666666667 -0.002843472222222223 -4.607738095238097E-4 1.4427083333333333E-5 2.7301587301587305E-5 
