Matriz A 
[[  1.   1.   1.   0.   0.   0.   0.   0.   0.   0.   0.   0.   0.   0.
    0.   0.   0.   0.   0.   0.   0.   0.   0.   0.   0.   0.   0.]
 [  4.   2.   1.   0.   0.   0.   0.   0.   0.   0.   0.   0.   0.   0.
    0.   0.   0.   0.   0.   0.   0.   0.   0.   0.   0.   0.   0.]
 [  0.   0.   0.   4.   2.   1.   0.   0.   0.   0.   0.   0.   0.   0.
    0.   0.   0.   0.   0.   0.   0.   0.   0.   0.   0.   0.   0.]
 [  0.   0.   0.   9.   3.   1.   0.   0.   0.   0.   0.   0.   0.   0.
    0.   0.   0.   0.   0.   0.   0.   0.   0.   0.   0.   0.   0.]
 [  0.   0.   0.   0.   0.   0.   9.   3.   1.   0.   0.   0.   0.   0.
    0.   0.   0.   0.   0.   0.   0.   0.   0.   0.   0.   0.   0.]
 [  0.   0.   0.   0.   0.   0.  16.   4.   1.   0.   0.   0.   0.   0.
    0.   0.   0.   0.   0.   0.   0.   0.   0.   0.   0.   0.   0.]
 [  0.   0.   0.   0.   0.   0.   0.   0.   0.  16.   4.   1.   0.   0.
    0.   0.   0.   0.   0.   0.   0.   0.   0.   0.   0.   0.   0.]
 [  0.   0.   0.   0.   0.   0.   0.   0.   0.  25.   5.   1.   0.   0.
    0.   0.   0.   0.   0.   0.   0.   0.   0.   0.   0.   0.   0.]
 [  0.   0.   0.   0.   0.   0.   0.   0.   0.   0.   0.   0.  25.   5.
    1.   0.   0.   0.   0.   0.   0.   0.   0.   0.   0.   0.   0.]
 [  0.   0.   0.   0.   0.   0.   0.   0.   0.   0.   0.   0.  36.   6.
    1.   0.   0.   0.   0.   0.   0.   0.   0.   0.   0.   0.   0.]
 [  0.   0.   0.   0.   0.   0.   0.   0.   0.   0.   0.   0.   0.   0.
    0.  36.   6.   1.   0.   0.   0.   0.   0.   0.   0.   0.   0.]
 [  0.   0.   0.   0.   0.   0.   0.   0.   0.   0.   0.   0.   0.   0.
    0.  49.   7.   1.   0.   0.   0.   0.   0.   0.   0.   0.   0.]
 [  0.   0.   0.   0.   0.   0.   0.   0.   0.   0.   0.   0.   0.   0.
    0.   0.   0.   0.  49.   7.   1.   0.   0.   0.   0.   0.   0.]
 [  0.   0.   0.   0.   0.   0.   0.   0.   0.   0.   0.   0.   0.   0.
    0.   0.   0.   0.  64.   8.   1.   0.   0.   0.   0.   0.   0.]
 [  0.   0.   0.   0.   0.   0.   0.   0.   0.   0.   0.   0.   0.   0.
    0.   0.   0.   0.   0.   0.   0.  64.   8.   1.   0.   0.   0.]
 [  0.   0.   0.   0.   0.   0.   0.   0.   0.   0.   0.   0.   0.   0.
    0.   0.   0.   0.   0.   0.   0.  81.   9.   1.   0.   0.   0.]
 [  0.   0.   0.   0.   0.   0.   0.   0.   0.   0.   0.   0.   0.   0.
    0.   0.   0.   0.   0.   0.   0.   0.   0.   0.  81.   9.   1.]
 [  0.   0.   0.   0.   0.   0.   0.   0.   0.   0.   0.   0.   0.   0.
    0.   0.   0.   0.   0.   0.   0.   0.   0.   0. 100.  10.   1.]
 [  4.   1.   0.  -4.  -1.   0.   0.   0.   0.   0.   0.   0.   0.   0.
    0.   0.   0.   0.   0.   0.   0.   0.   0.   0.   0.   0.   0.]
 [  0.   0.   0.   6.   1.   0.  -6.  -1.   0.   0.   0.   0.   0.   0.
    0.   0.   0.   0.   0.   0.   0.   0.   0.   0.   0.   0.   0.]
 [  0.   0.   0.   0.   0.   0.   8.   1.   0.  -8.  -1.   0.   0.   0.
    0.   0.   0.   0.   0.   0.   0.   0.   0.   0.   0.   0.   0.]
 [  0.   0.   0.   0.   0.   0.   0.   0.   0.  10.   1.   0. -10.  -1.
    0.   0.   0.   0.   0.   0.   0.   0.   0.   0.   0.   0.   0.]
 [  0.   0.   0.   0.   0.   0.   0.   0.   0.   0.   0.   0.  12.   1.
    0. -12.  -1.   0.   0.   0.   0.   0.   0.   0.   0.   0.   0.]
 [  0.   0.   0.   0.   0.   0.   0.   0.   0.   0.   0.   0.   0.   0.
    0.  14.   1.   0. -14.  -1.   0.   0.   0.   0.   0.   0.   0.]
 [  0.   0.   0.   0.   0.   0.   0.   0.   0.   0.   0.   0.   0.   0.
    0.   0.   0.   0.  16.   1.   0. -16.  -1.   0.   0.   0.   0.]
 [  0.   0.   0.   0.   0.   0.   0.   0.   0.   0.   0.   0.   0.   0.
    0.   0.   0.   0.   0.   0.   0.  18.   1.   0. -18.  -1.   0.]
 [  1.   0.   0.   0.   0.   0.   0.   0.   0.   0.   0.   0.   0.   0.
    0.   0.   0.   0.   0.   0.   0.   0.   0.   0.   0.   0.   0.]]
 Vector b 
[0.5949 0.2622 0.2622 0.6028 0.6028 0.7112 0.7112 0.2217 0.2217 0.1174
 0.1174 0.2967 0.2967 0.3188 0.3188 0.4242 0.4242 0.5079 0.     0.
 0.     0.     0.     0.     0.     0.     0.    ]
 vector de abc 
[  0.      -0.3327   0.9276   0.6733  -3.0259   3.6208  -0.9055   6.4469
 -10.5884   0.3076  -3.2579   8.8212   0.0776  -0.9579   3.0712   0.206
  -2.4987   7.6936  -0.3632   5.4701 -20.1972   0.4465  -7.4851  31.6236
  -0.4682   8.9795 -42.4671]
 polinomio 
[[-0.3327*x + 0.9276, (1.0, 2.0)], [0.6733*x**2 - 3.0259*x + 3.6208, (2.0, 3.0)], [-0.905499999999999*x**2 + 6.44689999999999*x - 10.5884, (3.0, 4.0)], [0.307599999999999*x**2 - 3.25789999999999*x + 8.82119999999999, (4.0, 5.0)], [0.0775999999999996*x**2 - 0.957899999999997*x + 3.07119999999999, (5.0, 6.0)], [0.206*x**2 - 2.4987*x + 7.6936, (6.0, 7.0)], [-0.3632*x**2 + 5.47009999999999*x - 20.1972, (7.0, 8.0)], [0.446499999999998*x**2 - 7.48509999999996*x + 31.6235999999998, (8.0, 9.0)], [-0.468200000000008*x**2 + 8.97950000000013*x - 42.4671000000006, (9.0, 10.0)]]